Train Losses:
30.623425575177237
16.584285946354854
6.275947314355306
4.262160482687836
3.404101795088166
2.8073083853574827
2.335976863376109
1.9508161338005552
1.5840071715908655
1.2889729233820384
1.0413951781077593
0.8267111969891623
0.6492411155119051
0.5163018331189191
0.42450730197355363
0.33833830369871865
0.30216278080931297
0.29031401946352015
0.2888772450719572
0.2908844884129297
0.2907534000924717
0.286872078388564
0.29049750312246975
0.28528283757726397
0.2890095961636078
0.28181057430012685
0.288512339607665
0.28630312857576007
0.2875527834713292
0.2830772230448765

Test Losses:
1577.031417769611
382.28309054237405
55.307300468947005
12.324461896059425
7.608916509609956
1.5279692021209035
6.376015557004372
6.2010514747670165
5.129514083890092
1.4042512346482687
0.9890008584041609
1.3497246091808262
5.622569588833435
0.6156402812736808
1.0568148739160623
0.5970427361673167
0.7109076969338421
0.7628609182847569
0.48986756938385684
0.5542020819787026
0.7019124419849797
0.5632508856454879
0.7211132492094728
0.49231881136799116
0.48557643222203195
0.49617163026596717
0.49665247782857164
0.8627362069273375
0.619311464109173
0.3829366156631958
