Train Losses:
30.496341063049705
15.754552157838393
5.839578858125439
4.252745623689255
3.353590124805588
2.7867741765948137
2.3391232101673647
1.9888810982911986
1.6687891401220125
1.3829944263729248
1.1225038906440645
0.915866803723114
0.7250871624460383
0.5823888556633791
0.473700655809192
0.3933223132072244
0.33419684380120673
0.322808860723701
0.31014784851462956
0.29496252372036824
0.2977192763775928
0.29299602398943003
0.2931707876648526
0.29425304854414647
0.286296610449851
0.2968277907345849
0.2859283839415805
0.28297238426794435
0.2899820608889443
0.2847581336934254

Test Losses:
1076.2831038225283
237.73812714474101
30.574437065219044
8.627112604040965
4.031579211078964
1.582962062300401
2.4380314546949555
2.124782594377634
5.955880710366927
1.1673498048025281
4.234259366266294
0.8429461950484531
1.071536047548855
0.5614772531414821
0.6482888919910272
1.0035734706603163
1.2278795855678457
1.1219798245719999
0.8550485792024868
0.931000338110758
0.6729709266004972
0.7938179656658555
0.5730410635386523
0.5859700584085457
1.1601893086861352
1.7033295366408379
0.5564370769196388
0.4178875609944585
0.9638996776668298
0.7991505333180391
