Train Losses:
30.479863959116923
12.89579916664786
5.824221726960035
4.142956385449731
3.2773614899700174
2.6447220201831216
2.2226357430036163
1.861746907530348
1.543038643341287
1.251284912692133
1.010026544899064
0.8029442516232598
0.6391912280489543
0.5063686756464234
0.40242482269443147
0.33245163555061863
0.29859663204861964
0.2908465148682701
0.29350175166317094
0.292472406029323
0.287791310569127
0.2955208859410637
0.28548002184046534
0.28149048596693793
0.28239896838535344
0.2865608373991252
0.2886789713934511
0.27899858455422044
0.28688291721746123
0.2841366364836506

Test Losses:
743.7825246597531
160.95165749794467
14.30544268673442
2.465722513907527
1.2659016875839932
1.4185828891644767
2.116825098118704
10.255374198613644
7.225584183397398
3.4945194902914345
2.843230481611689
2.006860528108257
1.380442252725543
1.5413112322644507
1.9659506924099843
0.9535125103568242
2.0769451136303165
1.1691028155537777
0.7400214791029464
0.8832214329852147
0.9562600055188681
0.73767891824334
0.9015367137124906
0.7102836814641392
0.8469296135461117
1.5956054623999416
2.2740725882906005
0.7716011723266817
2.586822726561341
0.5582520773088159
