Train Losses:
25.335214793952503
9.304217572514105
5.519800389088573
4.0736500351750315
3.199703973296086
2.697672175341277
2.2331262957743316
1.8670322403881507
1.5436176639327892
1.2475472637427036
0.9796070387358798
0.7906297831848798
0.6171269597560908
0.4888964279372302
0.39017079073390915
0.32926651148689273
0.3075861039733022
0.29689494136187333
0.2906298818769685
0.30234466517272895
0.3001190975940567
0.30880250292110906
0.3131639227741067
0.2998956849460154
0.28988697691998616
0.30277407422644076
0.30052598785600154
0.2866087388812101
0.29443287620629544
0.28749751127680107

Test Losses:
234.81439457625126
120.76107229696798
32.3960047405094
1.1720416028851075
3.9070004308877984
4.969444522377371
13.008302049574505
3.2227796234195294
3.569052752253882
3.988260791447841
2.6332118967395073
2.641555598317569
1.6209491749286857
1.4318935392457064
0.8939607922294054
0.7839139377337686
0.7387257204105306
0.7839580839358966
0.9267471232721155
0.9541784911818944
2.346194923258497
1.2406584727090872
1.2002438360890784
0.8394694856115252
0.7213511811330868
1.4169310482286075
1.0126395728507513
0.4706523737189172
0.5938123051490065
0.5593540523428222
