Train Losses:
224.21585383128027
61.75418585618641
18.214879785851355
14.976410064596974
13.727085689741612
12.32644591276778
11.625265819164808
10.644984343995556
9.903106694239732
9.229263714576998
8.605961468889882
8.313421990401887
7.728690395391694
7.380416967444848
6.923107570717486
6.6021421685045585
6.292120612488194
5.883675125429325
5.667419319285034
5.39340447935046
5.164695619739036
4.920260948501171
4.680362598503981
4.439295208021059
4.263522337431206
4.083705754284649
3.9174867038745043
3.6571687016614765
3.56008760423095
3.412330426289976
3.253741208100638
3.1134825800162655
2.9393486762935757
2.831823977867914
2.6741812182999936
2.57315891431235
2.471071622225796
2.348302985297562
2.2866638155785846
2.179310827763541
2.063569911522346
1.9796744333740401
1.9014530179890345
1.8227494006289122
1.772528881495587
1.701644953247694
1.669171336902943
1.5928640830015361
1.5330692727125854
1.4774928918361208
1.4425948048384423
1.4000428471407973
1.3571981332669067
1.3054541895739435
1.2811379148758393
1.2524171540830604
1.2195120213791928
1.189679532972508
1.162740648106225
1.1362471447164197
1.1263963739257699
1.1090652490779045
1.086754556339284
1.0851533965957325
1.0715717415309316
1.0605239896228391
1.0374388843204962
1.034327772775412
1.0274084007249964
1.0201304437767138
1.0139445540269063
1.0092304775252738
1.0056250264323237
0.9892681985808605
0.9908253965796066
0.9822075267181684
0.983155428658081
0.9685543537367827
0.9750000838525095
0.9703687192234665
0.9690343952928286
0.9737856621082951
0.9566586970941059
0.9527064196437768
0.9647673521098283
0.9473303932675212
0.9462469087817473
0.9537365707937435
0.9367246894917343
0.9318690570445293
0.9337076811942612
0.9379283901923701
0.9367902637966846
0.9226962943235502
0.9233988828202051
0.9262801992491486
0.9288499396486675
0.917087010854061
0.9135005814067835
0.917264589252766

Test Losses:
553.9843851910292
19.420097439343692
6.367107975118943
5.6298993728656805
5.2106417105853104
6.345971463518288
4.392337692546025
4.1592731487205015
3.7320134939469454
5.94751963019371
1.7411059096796822
4.621580650674478
1.6959082290302707
1.8531779833422362
1.0923805688401216
1.8191871215937703
1.5551685544143197
1.904061945197919
1.0826729197652285
1.495307395533296
1.4707456703745683
1.484359283199292
1.6297742309517989
2.281421387013588
1.3652926906943321
2.139479388489978
1.7117514527253521
2.1628599927853083
1.427413219998356
2.494571785890419
2.0237217589302827
2.221036905408588
2.270151473780852
2.40818096276458
2.2813352487469447
2.539002223892976
2.8657266923034466
2.3122602264389736
2.4124508909596742
1.8756916566773225
1.9464063923663766
2.8614687450969494
2.5444066712191997
2.4672551564872265
2.56188507477632
2.6677089106888716
2.2189385318232855
2.6723830648733458
2.5198698143922647
2.959084499655789
2.859254666696523
2.078539749422601
2.670208343994299
2.714022837465501
2.630762384593032
2.4699915290618217
2.3010457541139524
2.028591813476941
2.1183063502757604
1.8007972650514303
1.7714877106988702
1.8180277952995465
1.9036308207641577
1.6879787093298582
1.4575716178323932
1.3542094782904814
1.2547536173565241
1.4085202844429563
1.2150345945176277
1.1209137875956434
1.0152484826914228
0.9214742533464468
0.8614245855341885
0.7751950687579526
0.7439788019156638
0.8262566400563899
0.7831469338870686
0.7907704740819586
0.7323198873862511
0.6929662044209833
0.717859196128281
0.6528357769583018
0.6707931966556393
0.6064065023403586
0.7071854748855565
0.6239567765297781
0.6283751204325497
0.6810802216463872
0.6685747213320423
0.5752872922493302
0.590916121165261
0.6016927552018457
0.6007638746261141
0.5790030491033583
0.5855764107679138
0.6051520450424602
0.5414583280625689
0.5196487873167027
0.5301958051801637
0.5630950754835405
