Train Losses:
319.962587841516
176.6134273206333
96.57342509307954
35.64435789333079
19.906105345393446
16.266230972540335
14.836363785466766
14.033269689844996
12.947514107276573
12.342430938637271
11.842462777512042
11.108837105089375
10.719866776669155
10.604393829262271
9.942776657975893
9.610508991765222
9.276251350833897
8.759194060055627
8.34902528482393
8.140035877540653
7.697705214107602
7.442315694338496
7.180089287450797
6.895038280568175
6.717340703723208
6.480973937531723
6.190883395014238
5.917250102374562
5.711454412337496
5.510675122642286
5.313511227199837
5.1027395526809505
4.933896162530197
4.753188962345424
4.475014154632935
4.416132636087633
4.183967224737564
4.068136283143323
3.8573532886667357
3.754473304328478
3.6168968490667797
3.4531215931201764
3.321140446538334
3.2425402309451328
3.1293812631329527
3.0277059456630004
2.9026728391937033
2.8112252217741234
2.7199231738887755
2.66064262455318
2.552957317953701
2.4809089620594267
2.3841214438545024
2.319139063937696
2.2572670825196934
2.1969558450315296
2.1288113717175343
2.0686118957628454
2.0210472794740775
1.9621664550368145
1.9467152598272117
1.9112540665982272
1.8497507118077934
1.829170409866121
1.7883001043034643
1.7844189360900753
1.745248775725521
1.7058636015994002
1.7053686922839317
1.6708306076315165
1.6686197018855107
1.6515829474602985
1.6526836683183799
1.618560209960868
1.6182989576064222
1.6054793702006196
1.5840666799976932
1.5869829950906236
1.5717217241428603
1.5798987048980242
1.5428399330826605
1.5499820759381877
1.5366619661685763
1.5317379216304816
1.5160565307479292
1.5157992589408542
1.5123914718483082
1.526155734663311
1.5176406937446514
1.5188771446811473
1.493438147796026
1.4990582825165617
1.4959268683108207
1.4870121443908966
1.4862903577082067
1.4907257257262527
1.479755653482596
1.4822657199379596
1.4873013121787717
1.4791571702876039

Test Losses:
749.1423047074994
302.4742166463611
42.148713977591505
4.514584105136325
3.6993099284692876
6.254899836859657
7.513814492711743
5.219236553438659
4.485973086171938
3.079284004360727
2.5208983784451067
2.327711442865214
2.4037433308594434
2.048827140800004
1.9392637305178688
1.912848113086617
1.6256243569179647
2.006715494452171
3.799133200668594
1.6186884389918985
1.593531387812883
1.60485510911467
1.7669546386425934
1.8226254610616026
1.4319621162507141
1.5563259118969002
1.661706266617312
2.5428003081418935
1.8599764199800861
2.2068895568836084
1.786667279682113
1.3040801222318585
1.283110440934746
2.195010277542096
1.9932327707415645
2.0146427455457667
2.226049024213865
2.0156797617673874
1.6045140501075579
1.3683270119058275
1.785976618817709
2.4891227522810686
2.490050540531723
1.6884973406502344
2.1946500790061303
1.6298835899644686
2.3965018361228183
2.6674270130766247
2.067095205911155
2.2901311272267
1.8788516946787972
1.8388716069240014
2.137868235990839
2.6122232918600434
2.2490863232936675
2.33103905936468
2.5268081279055585
3.0157310598104905
2.65570619586602
2.5810143613410226
2.6126464109108287
2.8565356712607506
2.6034649700939076
2.489994962527914
2.4788907309180326
2.413945874904545
2.6050600068083085
2.7436419951828936
3.023905030442673
2.4267554592015674
3.2429726737216837
2.2705610002418166
2.376600679986685
2.103761201995669
2.1272317218838386
2.4985213404141584
2.2051299704799376
2.5402944779511794
2.241015871896327
2.2898289528720586
1.8968300600943055
2.0811461043878667
2.0369787765214746
1.8863174299013268
2.0045336548564503
2.0622420208980734
2.1478868582584325
1.895038472361935
2.1974815328433674
1.8483276624702714
1.7183511796796207
1.7249315551039084
1.8394143280473727
1.6658010223826158
1.9333744703710658
1.9273170048316706
1.8645236002444063
1.9308026765735404
1.8860919872678599
1.6812225008763155
