Train Losses:
223.4818180281899
99.94061224382574
26.922662315715442
15.283025092211636
13.488697975852272
11.906242279226129
10.816408183531328
10.066558086568659
9.28383698983626
8.640300691604613
8.041393834114075
7.441319752259688
6.922036203557795
6.407997220819647
6.054091836929321
5.63330636917461
5.277060166532343
4.8433905075246635
4.58391289320859
4.292952197334984
4.038360354466872
3.7677179148847406
3.508687670621005
3.325947855819355
3.139160843155601
2.8941890210671857
2.721472273306413
2.593851589679718
2.4712370893738487
2.285915449445898
2.190417982231487
2.106154340353879
2.000422927379608
1.9080250237204812
1.8218020162799142
1.7629603120630437
1.6963309939124367
1.6321286269968207
1.5963029060797258
1.557349578337236
1.5275986025116661
1.4974353964220395
1.4719100440198725
1.4530968550335277
1.4427059978029946
1.4387786806496707
1.4164857516072014
1.4089968831539155
1.3926742743687197
1.3966934746612203
1.3741460744467648
1.3765675006671385
1.3590010396242143
1.3492356751398606
1.3470427412011408
1.3400209826772864
1.3386040585474535
1.3345494249408896
1.3295066031651064
1.3186842100728642
1.32186887643554
1.3117070668393915
1.310697974248366
1.307318166266788
1.300766829566522
1.300172086964954
1.3042297665747729
1.294934832941402
1.2967893449501557
1.2892003027309071
1.2779081692262129
1.2834138191721656
1.2844517552094026
1.2770278155586936
1.2726279043175956
1.2739408879821952
1.2660073003335433
1.2672387087128378
1.2629579861164093
1.2697435118285092
1.2574037374041298
1.2638856464732777
1.26066346894611
1.2620153213631022
1.250985444599932
1.2489538156877864
1.253609774762934
1.2492036555680361
1.2520407416928898
1.2491346789056605
1.2539381984038787
1.2473453092249958
1.2451022668209943
1.2467605628317053
1.2399384898272428
1.2401566003344275
1.2419700630144639
1.238830037409609
1.2310790981379423
1.2369696479060432

Test Losses:
635.2548524068538
62.552698716174724
7.385153859160667
3.5287902593872573
4.2280119061903205
4.633985371610453
3.782691234549464
2.3277660530753606
2.2611506310139977
2.1614780038335297
2.0732555012976706
2.2138418810398774
2.246683397806834
1.9941222900308149
1.735191552639874
1.7345687349998327
1.4841046991303217
1.4907718319662435
1.338576424325448
1.2932634271876238
1.0810393707740098
1.2474189568960736
1.2104080745430534
1.1737321219298729
1.4762444963765353
1.2530465598088192
1.7260206704959273
1.1423858064118513
1.4181808573085555
1.3212250470681939
1.391101603006381
1.6492058707747694
1.32150926590399
1.6526910580348138
1.356083220520685
1.7898315539107073
1.5581144528290214
1.5308573956189806
1.6487383523869306
2.003385742563148
1.6664671682167884
1.9493528321212115
2.315712706770661
1.775463540020377
1.807468177923976
1.4890088907681232
1.4377889559972425
1.30627912911045
1.0854981462146307
1.2554503913622264
1.0932128832697174
1.1196740685940483
1.1233556186130573
1.024745901483436
0.9321876833605212
0.8467777816708698
0.9279276258203872
0.800813325507523
0.8852192866724244
0.8944658215569202
0.892180003377414
0.8243117732710616
0.8801988843871758
0.818878365637258
0.8242834977112538
0.8060627408152403
0.8055867734690045
0.8093456186267526
0.9099565938894831
0.8283122268960227
0.8858695700764656
0.8611064110124527
0.8036449659009313
0.9057646306708108
0.8304705451307601
1.0365490322109572
0.8352067022649354
0.8729660115962805
0.9400980704745581
0.8364196223921554
1.00451216270584
0.8977601454528266
0.9099510319444329
0.9995188028659932
1.0226937928778488
0.9656968480625818
1.0444096191677936
1.0199360603163408
1.048749014345366
1.1224927142868901
0.8979908300260472
1.1440740969725127
0.9417650881548261
1.1063928555177396
0.9863433969142132
1.0929330183236405
1.0473129828568808
1.098864216400787
0.9391857833103385
0.9930033793369698
