Train Losses:
234.91216709699077
102.38377707601482
30.119681562290108
16.229639858673654
14.450550237107029
13.049798758481192
11.520965236132263
10.512901138975083
9.60708634792959
8.762849888574172
8.057258674888782
7.346284407617083
6.816076550238534
6.393790268063012
5.906556575735351
5.346828385987687
5.008604162718251
4.628954769335632
4.338907954589798
4.02177262368394
3.801313591873948
3.5260097226336176
3.295845403134734
3.0852233904307007
2.9509964762075116
2.7071278343079874
2.5742164545549544
2.4414474084284907
2.281797866396684
2.163472347039224
2.031402418736907
1.910001995466683
1.8142094576367678
1.7440791243323626
1.6582824000880545
1.580575940172825
1.52481236693001
1.4489903698846054
1.4292170656442464
1.379447301191829
1.3550454563448753
1.32803997169797
1.2755330654441333
1.2784033003700384
1.2494147594035472
1.234555922715124
1.2163274728994256
1.2027756680197315
1.1817709662009104
1.1829465572429396
1.1612295707973657
1.1562842371888826
1.143461309545486
1.1356953746082619
1.1270792842488708
1.1092472758460596
1.116877615518435
1.1058320355547477
1.1071796279106338
1.0924457160508936
1.0861334135941882
1.088036342200597
1.0825016743513227
1.075921794952028
1.0719690808607196
1.0748243537272053
1.071350513070533
1.0726157088004797
1.0688578699522508
1.0585638954624779
1.0589698974803734
1.058005943461342
1.0447589539202422
1.0507763636349832
1.042117496499939
1.0508339267596047
1.0412048649559167
1.0505257161270312
1.0468974429697642
1.043997965289499
1.0355351734156935
1.040461214878298
1.0394438295562691
1.0376840662127902
1.0271958646637938
1.0201185256098404
1.0243170757107602
1.023068727955955
1.0245261368870557
1.0214317049359245
1.0198832675620313
1.0229261034569423
1.0193638128884992
1.0170204525510884
1.0056915295944617
1.0151704293266273
1.0131381032447124
1.0160117143912215
1.013207606160694
1.0172759201155557

Test Losses:
493.24220969279605
47.37140645299639
3.5881010517034504
3.320527962586355
2.0253048596814986
1.5489118594809301
3.0209750467911363
3.054064483204413
3.6667489263539514
2.905514688297574
2.4890276172553145
2.888972806012524
2.702246791527917
2.6559825247331035
2.3667713699064086
2.126379139300081
2.674934443285955
2.174223352933214
2.4320515865637433
3.076880974650738
2.087760335366641
1.702939144446559
2.607223078209375
2.126376438309394
1.8939635716378689
1.5668916883434922
2.331842702458657
1.7906022373852986
2.145231493660027
1.9193316081627494
1.7701004265275384
1.6031541306791561
1.6701597931927867
1.585610162111975
1.6302728747638564
1.9404519488591523
1.864784267597965
1.4439605468484973
1.8161873814561182
1.429454631327341
1.6489570838665324
1.5166418146164644
1.8193360228490616
1.5247521245674718
1.1461111851080896
1.4244873484685308
1.3234932654138123
1.2510740709091936
1.3628679590211028
1.1179114794136868
1.074666797759987
1.0575601809569413
1.1777956330306119
0.9713655825748685
0.9963875691450778
1.2445715832124864
0.9344932211429945
0.922040297538929
1.2423235198615916
1.0978461965652448
1.0341380202610577
1.0223624837983931
1.1847002356579261
0.9560728540555352
0.9842839976329179
0.9817509645418752
0.9725086660612197
0.921870646089138
0.9924215549891371
1.0596892602209533
0.8207557031973487
0.8699834890929716
0.9857092954528829
0.9381473462230393
0.821007921094341
0.9458796705474102
0.9944052358512723
0.8656957482786051
0.8735329261759207
1.1155338512644881
1.115800533177597
1.067062690366237
0.7621166803430588
0.915460176588524
0.8420853519235694
0.9208760938961946
1.0496661293187313
1.1834144305792593
0.9747889059640112
1.3098989137270975
0.9585713106651037
0.8873905537295199
1.023777580310014
1.046638939574006
1.0695591283784736
0.9358054519897061
1.0169362822946693
1.0312360310483546
0.9898110594423044
0.9931361819173963
