Train Losses:
43.660012547697235
16.8927881859383
15.072467975825658
13.447944051997306
11.979215443069899
10.636968432993875
9.363472060222515
8.13490684508556
7.053658682557504
6.092118319371155
5.220566984075229
4.460948406477739
3.810662159677301
3.228312985464747
2.759381005965996
2.3898440685750395
2.109907747815746
1.9089042737368298
1.7896362795140848
1.7210424641489028
1.696152430877125
1.681368894871829
1.6765818316219743
1.6619936361577203
1.6598342081589448
1.6569146386150255
1.6520714619703574
1.6506414972849532
1.6455120067082962
1.6420980324565733
1.6392890887984273
1.6372640918089294
1.6334713530805833
1.631647577357519
1.6316885718206673
1.6292561549803648
1.627764662633917
1.6283971732150202
1.6197986477538735
1.617784436507928

Test Losses:
11.467225662932483
4.8949667175679545
3.951714811287981
3.6526507633764784
4.051320359664635
4.45438315153328
3.9751554881588795
4.096950065656891
4.6409635077856075
4.766896664323535
4.678441831982125
5.124856165929818
4.87700932671927
4.796357364003372
4.619346771321631
5.027462125391206
4.904769996707565
4.830492244136673
4.484313485147424
4.016081746194315
3.946597611636258
3.4188292871391144
3.1710313008896938
3.0570410555462026
2.926234598265914
3.01467284567931
2.9529906207359136
3.0773122964383406
2.91315995111688
2.9650472417254847
2.833607732657224
2.8622739431460356
2.9539418667683646
2.844367985722312
3.0033412421687267
2.849176821645829
2.923476534046381
3.132295830170451
2.9436564321855894
3.0396093563365856
