Train Losses:
35.81329836454903
8.726774270357298
7.424702287724848
6.264202943987752
5.261086360611788
4.446300900667622
3.828225792098272
3.2758488763146287
2.8440664403250016
2.5240667129874024
2.256679179441496
2.0737011516619677
1.9344896230469928
1.839808143398426
1.7724381735614383
1.7294993116331183
1.7062577836363606
1.6929170329867504
1.6845064345834166
1.674452342331255
1.6732636733928836
1.6717303232382419
1.6693748415785044
1.6642082893935997
1.6558504795837525
1.6466986416624143
1.6497645073392417
1.645617580120174
1.6392420929830036
1.6405886090139221
1.6402051979893224
1.6361064376919663
1.6298940643513624
1.6270434548732218
1.6274040587690748
1.6286666768449283
1.624635199440664
1.6257701391867758
1.6237572383170975
1.619617586435433

Test Losses:
22.52734019734165
5.033890559818586
2.9509517164351924
2.994311472698853
4.0004817966046575
4.311268347625394
4.761020105026256
4.89512429779835
5.126281635557255
4.8968786563508555
5.4980721125957155
5.315574768038793
4.907528777290442
4.552753482100875
4.114922908069558
4.068037824014599
3.594595747640036
3.5514642487287316
3.178737988400892
3.041513464449806
3.146651887414573
3.219874199470159
3.0140755714892107
3.0899780967313872
3.125731733742725
3.129236871375024
3.1736041874904104
3.2412551204861497
3.0085627086840523
3.0637439760856826
3.1999169025270713
2.9949598731465037
3.0613390474661526
2.93867302208804
3.138848825632341
3.008148072604589
3.2468513997340884
3.1274369687434405
3.091991537330268
3.059896361472386
