Train Losses:
60.48475870611138
13.95471614032546
10.392199858520808
8.072421354343897
6.173022158540522
4.863930829197761
3.9351200746016555
3.295743136400278
2.78758378115675
2.4183467892075057
2.1562089900854033
1.9741646970140079
1.8536149558378585
1.7757817141376855
1.7355418311739494
1.7038341807000268
1.689552092762115
1.6736424279977973
1.6727022830213363
1.661542634248682
1.6560813580014218
1.6489459028533542
1.6508794513916598
1.6412216166844116
1.6419879043395909
1.6413182948322367
1.6381630909306382
1.6335217777056847
1.6296423179457284
1.6234052373593804
1.6254063344133136
1.6205138071418426
1.6143997700606427
1.615897393712167
1.6169922806696069
1.6074213035205056
1.6096886006524413
1.6105283499987557
1.6085174050159565
1.6025100948068483

Test Losses:
75.25386144801678
4.070045227002974
5.479028058366314
3.730555357944378
2.8187846388142996
2.8043629763810514
2.9477237446512143
2.996782862171595
2.9179454353109144
3.057824264802908
3.065858662566339
3.090030488312605
2.7364800083503296
2.7782401790264464
2.589203973422302
2.457660970650774
2.407798430918617
2.3021766512993604
2.245547819621829
2.3258552064695746
2.1907268288378687
2.075652151449858
2.1102874790839112
2.081382138160353
2.0826892836040325
2.1873110515502576
2.0701730843494963
2.0502187777358905
2.0502017441502707
2.0784226309511307
2.0545366158646146
2.0124612000602635
2.0481918925804212
2.0720622086689815
2.120376970145655
2.1104858757198732
2.1019096404391315
2.08750881866432
2.147384691439318
2.1589039091468374
