Train Losses:
54.353500050346256
15.551414949115369
11.035981755599828
8.692512514113556
7.007348436888799
5.729691670835984
4.716826957993665
3.9154032679415174
3.29339456125395
2.8187304225317313
2.444279911884201
2.1858388416860386
1.9899627255754488
1.8657354822884322
1.7763741894161982
1.724068756376097
1.6979298582467606
1.6792536520123198
1.6657660188242351
1.6585215533690445
1.6494638219601345
1.647315249136851
1.6424664965401412
1.6345188437617055
1.629565815460432
1.622346426401974
1.6206102221785545
1.6223990927575755
1.6174897212065757
1.6179445233088938
1.6105734336213877
1.6045978951394906
1.6032623839038274
1.605389031277044
1.5980072963732428
1.597887380040179
1.5936677660241558
1.5955714700622385
1.5955418823236571
1.588586480591244

Test Losses:
27.170560153270447
6.830462395784251
4.066916426555185
3.6259927434867687
3.295354451407826
3.505491946417397
3.223521185209757
3.574377332690881
3.480117063096812
3.628815064140714
3.561438441456858
3.7164237024254496
3.8710023846570643
3.5082647108835916
3.9364394573631634
3.4604776068401417
3.359719423610997
3.209052260363009
3.0489920849622894
2.8560688327434463
2.6891623280021584
2.8173203949744883
2.822037637980724
2.8552152309164263
2.770873838699163
2.721197899060715
2.8478088775841246
2.7706365985353134
2.856785381030913
2.7793567008053115
2.6972543774180715
2.743876011802291
2.6313783309793513
2.820730015210479
2.8781289975500974
2.653915205414994
2.858372434909321
2.798328940607704
2.7642755519241327
2.680789457844987
